$ANSIBLE_VAULT;1.1;AES256
63653731383136386664626335623238363062646337326232323238393832383864643931333766
3731313361633062306631663764626630306536393535660a303161633633363462363063376434
39353034373061623164663135666262363731623162336133383064636162373931633265386265
6639386338356636630a343363633235643335323436663032393763343830336137323465646362
33373961396537666563653634303236353232323838663162326135363762323163366638653130
35303263613534376433366636323062613832366138333236626664313437356235303931306165
61656365346230636262633934666666396163663138386363336364373464336465303431313932
33383336613561666463643561363835326230343938393366663635643930316365636166393563
38316536393335653031323532613131373364623036653031636137613432393932653834646436
65353431616236623030376531393261373938623537653534636663666461373662373232333030
30616136363335633764633965383230663437623630623033333131326462636231613931346237
64373038313036643137666337643865643065393163653366303535363464663936356438643866
66626135383634643061393437663934323864613033386266363835363166393135376333303638
66373562656336373161316331386362353466323761386535643139316332663566663333316536
63633839663238303132653430346632323737333665366266353835303765396533343962646331
64623032393538613065323930646261643337616236636536313466356435323566356538323931
32333065306534376566313036373532636539623032393539313536653234663034653236376537
64396531393037663662363237363630626236666466393135363433616233363532313937383465
34323832643534303865383639376638633437363834656565333831373364396165643134316364
36653432383434356262653835373666656233373032316533623836346239373337616130303665
63636663323662316462663537323734326366323261623432396235323632663934303538653130
33643238633934613835633139653039656539326161656138623065653136343632306131383663
34323138373137646632356534636438393833643039373330646364316631356630656133616264
32303339643564366261373634316139633364393736396666373066303435393832653331323561
31366530633864663864306337653963376432666631323662313736633564363631366634366234
62623836333138313839643032666331316234383865626238653463363565326630633731653761
30306463623032303761613032336431376535373561623831393664376130353063363064396231
61386635653935386665653334363734653064623536313262343033653239376261393464373336
39623935376264313437383064326666303934623335306263393430663463303536343263653437
37383231386134313663663637333336616539323835363964333939636130636363393133316137
63646230643764653039616362386438326362393164656534363166656463366261633430613064
64356463626337326235343539333862636432306139633530376235353230353665396334363537
32346461316635373835333563643930336339623439323839623836323962353736623866666137
65663931356561336465633530653238373132363535316638393330366331626330326439336266
39303562616231656136303036306230313263663235356466613664363466633839393331336461
65313064366637613532653932613031376162306634386138343338383636633632373939383861
63306464396465323731363065636566396632396666653636303663656132643230636431393563
66393438633932616536346435643166323931346138623037663661653365363462366334616530
64373062636238323463316438373665393036323439663238393930643964343430316336633362
38636432383463306464643566386230383262383362653264373737313531393333386234313865
33373061383337653462396536363366373665356264633566386235383139313361653432613539
36343161633737623631313364393733656234626336333864613630313034323165343732303964
64333935643337643930623933613433313431376437613435353138613731626163306130303930
39353735633563303963326439363330613335643666343666666431353233336137323736326134
33363830323265346566626333663361383134623434353261303439666236396333396530633134
36643834643131373265623734386235313265316666366334393831613430373961316261333533
65306234623934643266656661383330313865383635323835326139356634653766393332373562
64393436613061636465316164353863306430393532643836306364343966653664393866366564
39613837313363313465666162626638396462633364626133373832646131353538333238666463
63636537313465656530616163303566353561303933363061323339303930373934636536353830
33383436343139633465663031336565313534613164626665333130376533626363363134646364
34623964636532623236363335353231373035653463396130636365616365393634366131653137
37623630643731343338653665383261626638633834613734643532303663613538616433343061
62326663323231386565616561616431396335366163373535363330633436346336643832323332
38336432323363633931363831623662646564323733313632663065653035376661376438343531
64376336646162376431626531626131383633333961313632613533343030323032623464613437
33393931363735653736613435653738313038613535626339663639656466313539393034656564
36393534353535353038366261316563646665343030386663323433343835393964363138343763
32396539396465303164343263316530663030383137633162303938623938376239613666323032
38316361386562393137333239393234396339646337303532313561383636323430313838613835
32613938386165303764303832386231663666643365373465623366386631376163306538323938
63316364613163633364386230633861633934376362386266373737383664333064663939333435
36626234343832346238373765623434356361616566363063323737366330313335313931373034
63613762383933653231633235383732333465656130613663343835393263383236306235653230
32356238363864313636396436626465623362306462613263663363306363316134643062626466
39356561393439333335343033626536633237663930366137616138373234636366633762376338
33643961613039303136396631356331373036643932363362336532643065303132663965313864
33643237306338633330633830623431616261613132616131386538616639646363333238383438
36323764626563303661636262633330373338626132636636306463373637393234316535613632
61343735626566656165373364303237616461633861326333323162373864616233313538303062
30383062303930376532333266633739343236643635643336346239373464383462383263363732
38363330646332636430656434613962343237356563643433643465333161613063623166633231
62333666623163643337396261666662613766623938373637353466666636363033303334373331
62616461373166646164313739663865653563646264343538383266633738613838353934363061
66363132663137383537373763633233323835353233356164363462316265363332623861643831
64633433616232356239306333346337323136383135636163326232316163396639616265663262
39643665326336326162663464353864303861303134303239656338353732333538636535643237
66376630626265633861316333636239646237623436613763616666313730666365633436366330
35613437396138356636323566316231323535393634373935313031626131343831356563643835
34396538316266306538613062383233373063313631356363376230636262373766643635386533
33383735646339643431323664383231326231383465653331346336613638643564656135353933
62383238376532643963353532303433386535303436323132343733343663653861306137636532
62366636643935636331316530656134353939616239656463366438376664663561383862313835
38626535313132326239303663326136366235613262396236306261613236386632666437303465
63626532323234323361636435376466386364343030373039366538333134366463623031653138
63623964626333643130613630646365666434383738636462666334306239636337366631363139
39306365643334303832353931643537313535616130386439663461653036303536333530656633
35393763653863346437343536353137386130623161666638346462393834343131316437396363
32343939396530366165316332313663366264663362363065313134353833336630306433663062
30653731313866613465626162623732666666653430346636616537326235343632313633663433
34336533626439373435303566643961613030663434343632653165663764626564303238343661
35373262396533626462373032363466373339396335346563656530333735646339643262306535
30396637613630643038643735393936633964373133626666646263373164653362636633666331
32313038623738613866373338613033363862633461323562323339323035623539343037623763
35663065303934336630396239653061653063383765626138346230643962323230306466326531
34306438656261386137653462326461636263336164646439326235323137353338326536353630
31316462303064343534366437663035663662643632396137386162366231303634303233363666
36306338623165636465353866393363613363653936663638383237663033623339353462316364
36633663613834393363346630373138363766373433613039346233666232633138396234663632
62363937386436643432343637363136356239396433636533353339303036633639616234353061
31313635653866656434613764313037323931306237356530353836663137363261653165613832
32346564396239343937646338386338333565663135323962623734666633373435343663636431
39316362643635363930646639363739356464306263386665633330343061653062633664373463
36653434646637343132383036366138303638643336333632613963373331616261356636313734
31313739643433376136613663373464343938303963643861373436393139333937653130383963
63323938343463663136646531356133323362343761623236313038666138343065613663646538
33393835356464396435373234356336363064313563386562366232643835353266613833643063
35366461343365323762386630313937633737386361323163616562383338363566383764643936
64643766353964643132643164333539653734653132306538643261613431313361643630323434
35376531303934656266623364383138333661333632356465316435346166643734613437333138
63303361396263333136666436363763333762633231343666356161353865383631386563353566
66343031613463303039633264376634623932663632393033376466343430313166663965383530
36656137633165383535643637656535653737306236306636646136396264616434323836646137
66393466633466643666336331643365363837336362303532313333623632376636633731363362
64323565306130623065303264356665343239376266626532343134626330663462373664666165
34656431626535343039633431656134666334363632316133653738626330316462376130653230
64646233616364643562346162376663646539633434353237353830343139666330323934306531
64313731623930303038383537663833383837356638353231366162636430393935316434636662
38666536313464363636356164663333653361336566653364343439663634326664316662393931
39343534643832336265346232643563326332353435653663666532633862336461313035343164
64363765666232616166383935316131643666663236623462656633353866613432353734666637
34396162353039643462666137663863316634383461666630303430383162633561613364376433
63373638333065306138623631666334643638303835316134306665376436623831386364386634
65663862626462323233613832353735363861633136353031396332643265646438653436333266
64353865643634613832646461376530336565643831643337336533353033623533
